0
10
20
65
125
215
345
510
730
1000
1330
1730
2200
2745
3475
4100
4915
5830
6860
8000
9260
10650
12200
13800
15650
17600
19700
21800
23500
25500
26500
28500
29800
31000
34000
37000
40000
43000
47000
51000
55000
59000
63000
68000
72000
77000
83000
88000
93000
100000
110000
120000
130000
140000
150000
160000
170000
180000
190000
200000
210000
220000
230000
240000
250000
260000
270000
280000
290000
300000
310000
320000
330000
340000
350000
360000
370000
380000
390000
400000
410000
420000
430000
440000
450000
460000
470000
480000
490000
500000
510000
520000
530000
540000
550000
560000
570000
580000
590000
600000